*** y[7]  =  tensor([-8.7272e-10, -8.0015e-10, -1.5206e-09, -3.3061e-09,  1.1921e-07, -1.3809e-09, -1.4925e-07])
*** y[6]  =  tensor([4.2871e-04, 4.2871e-04, 4.2871e-04, 4.2871e-04, 9.9743e-01, 4.2871e-04, 4.2871e-04])
        
mlp      
RESULTS =  tensor([[1.5368e-04, 8.4812e-05, 2.2703e-04,  ..., 8.3149e-01, 6.4971e-03,
         5.0712e-03],
        [2.6907e-04, 9.2878e-05, 5.1247e-04,  ..., 6.8574e-01, 5.5462e-03,
         1.2360e-02],
        [1.0698e-04, 6.7320e-05, 1.3870e-04,  ..., 6.9596e-01, 5.4078e-03,
         2.9606e-03],
        ...,
        [1.9232e-01, 2.9857e-04, 7.9499e-04,  ..., 2.9646e-01, 2.8805e-04,
         2.1246e-04],
        [2.8247e-05, 1.2415e-05, 1.0435e-04,  ..., 1.4913e-04, 4.4594e-04,
         1.3666e-05],
        [2.2381e-05, 1.0645e-05, 9.2824e-05,  ..., 1.2527e-04, 3.4271e-04,
         1.2164e-05]])   
         
mlp gen bound    
RESULTS =  tensor([[1.5369e-04, 8.4820e-05, 2.2705e-04,  ..., 8.3149e-01, 6.4971e-03,
         5.0717e-03],
        [2.6908e-04, 9.2884e-05, 5.1249e-04,  ..., 6.8574e-01, 5.5462e-03,
         1.2361e-02],
        [1.0699e-04, 6.7327e-05, 1.3871e-04,  ..., 6.9596e-01, 5.4078e-03,
         2.9610e-03],
        ...,
        [1.9232e-01, 2.9859e-04, 7.9502e-04,  ..., 2.9646e-01, 2.8807e-04,
         2.1255e-04],
        [2.8277e-05, 1.2445e-05, 1.0438e-04,  ..., 1.4916e-04, 4.4597e-04,
         1.3696e-05],
        [2.2411e-05, 1.0675e-05, 9.2854e-05,  ..., 1.2530e-04, 3.4274e-04,
         1.2193e-05]])     
         

