0
1044
439
1729
296
2211
479
1084
2080
2204
318
1575
80
507
527
368
2120
2548
422
1326
2284
1795
1377
1505
2229
1965
2681
679
1904
2367
632
620
1943
1987
867
393
1449
1716
1361
1251
1822
802
291
1437
744
2258
2177
748
945
755
1274
1855
2289
2604
1102
998
2231
430
1091
834
535
1014
1041
73
1883
1424
1247
332
2366
460
1511
1419
2506
2029
1720
1295
1005
2241
2538
1615
952
2448
2188
270
1253
891
485
32
1073
1710
557
2563
2249
2213
2054
457
93
44
2305
1380
581
1125
1185
2615
1080
194
845
831
1029
408
2218
1134
2514
838
324
599
2234
1268
1000
1681
141
367
1309
1391
2697
1611
900
2033
2043
1598
1356
1288
70
239
2639
298
56
1450
2595
2032
1490
2619
2030
1117
907
1376
124
788
175
2206
978
2181
1508
2460
1078
1476
829
930
2417
1231
2009
650
463
2063
1845
1748
1582
1272
2462
1360
1174
1290
1395
1792
63
1762
1769
196
2471
543
1578
1521
2338
655
819
1559
450
944
282
2423
700
29
1989
2196
2567
2340
2011
695
785
321
188
1701
170
2576
43
87
1338
410
1208
1942
1641
1491
932
1418
1124
1565
1427
1025
322
1602
1161
1064
149
1938
1894
1776
2008
134
532
45
817
2180
233
432
2695
1560
2064
1976
2077
2251
407
221
2110
1083
958
2344
693
929
173
178
1789
554
767
211
2083
869
979
2100
2616
152
2004
456
1093
1750
874
2295
257
1831
1462
1847
2646
254
402
2620
790
168
937
1772
495
965
135
786
1971
1322
1199
1936
1973
436
1146
2694
2409
210
2114
2521
1192
1018
1584
1321
2672
2078
1915
2044
789
2674
772
443
1907
2584
354
365
199
1655
2476
289
246
2157
1547
2389
1352
2439
1628
2636
2445
1110
1978
420
414
2203
2337
1151
2174
104
1832
1477
2282
765
387
1916
226
231
2706
478
111
51
1435
2552
810
840
1763
2610
464
1846
1340
521
1627
1047
1048
2406
2328
605
212
2010
707
2601
2051
1616
1880
2428
1813
218
2171
1456
1723
764
2707
518
433
2387
602
1861
1222
1700
2299
1977
411
1037
670
1586
1313
1803
2626
1784
1498
272
1486
102
2087
259
96
251
2158
2183
1737
2172
2502
1213
1767
2455
2589
2093
1964
462
782
1316
1947
1518
649
2491
2039
544
2603
610
2474
1075
2398
1071
564
1535
941
1114
949
2574
30
2575
2145
1517
2275
1266
678
2494
67
1106
2664
2704
2614
1159
2463
1507
1299
1896
1590
1411
2319
237
486
1446
109
528
1697
1694
163
2023
309
252
2022
1289
1370
1271
2123
471
809
2618
509
506
821
1613
858
857
2465
1569
572
1087
435
986
1034
568
2164
461
498
1657
157
2418
1566
2153
1023
2137
617
1983
565
1779
1620
100
315
1264
705
676
2377
1567
261
1869
1862
1717
912
1985
179
2527
1241
741
2333
480
1811
2359
2242
1725
2178
2227
1216
662
1564
1808
677
247
567
1745
347
1432
1292
976
2371
1011
2557
445
1606
761
1234
746
2657
2302
1866
1448
2571
1949
2163
353
208
2421
1712
1429
1461
57
1058
1917
2273
229
1405
596
1351
781
2512
1653
1902
69
2662
1662
931
2342
651
1211
1412
1953
759
1317
2091
1677
279
657
1229
1349
1738
2671
1826
2457
440
508
76
1558
522
2019
1337
1225
1259
2215
2098
482
2644
2313
794
438
1261
1626
166
59
611
530
49
2316
2545
2541
48
916
1053
1068
2069
1061
25
1334
2020
2466
2018
1830
361
1263
2486
2102
1510
2528
2375
881
1667
240
942
582
729
787
2165
1366
350
2483
1898
1877
1230
2650
1105
1293
1587
911
2115
2226
2606
1094
1421
538
1835
1242
2140
1778
2691
1815
727
1650
1255
123
1506
1837
618
406
890
1285
1865
497
1840
342
2040
299
812
1374
862
798
1752
2485
220
1330
719
449
1556
84
2349
621
266
926
290
2168
1237
416
472
841
1017
2232
2622
654
2410
1283
343
2537
2699
2138
278
1100
2546
1381
1196
18
613
643
1451
1561
1487
1423
1273
1807
1270
1027
889
2475
1766
680
801
2150
1621
2321
219
601
2640
1389
303
2045
2481
2307
961
1200
344
1735
1398
2693
647
2381
927
1550
1711
783
1236
807
1786
192
174
1928
1804
2526
2142
1503
668
128
340
1972
2451
1488
1179
307
637
383
2001
2511
1057
177
426
494
183
1001
1099
184
1724
2194
1926
2129
1468
1532
2523
1608
489
969
2472
690
2447
940
756
1934
1743
1032
118
1829
1097
281
2373
2096
2103
2530
879
1090
1472
1967
366
1592
555
1467
2444
2326
1509
203
1798
1980
120
283
575
1530
1788
2325
2266
275
2148
256
360
1339
604
1036
1780
629
2461
1817
2260
286
1088
964
2304
2170
423
2430
1900
1867
162
65
1933
856
2600
1800
742
2268
2453
230
1878
2370
1393
1113
1991
1553
990
999
836
1260
374
2259
2503
1889
297
598
1731
751
99
1475
1407
866
736
1089
1844
529
1457
1474
1422
636
2384
185
2104
1921
2468
1004
1614
1190
2066
2132
511
1149
1055
2147
1666
2262
607
1228
561
151
1833
381
1302
731
2692
1494
2467
23
158
1777
861
1730
331
902
1177
2588
2060
444
2654
1886
1033
923
642
2390
2286
311
351
548
1594
1572
2209
2193
1925
306
287
694
308
630
2669
903
2607
1713
1990
2484
1927
1413
1870
300
1809
908
1128
1538
1355
1010
13
873
2360
808
1656
514
2176
409
1123
313
2125
2024
2364
2346
1350
1563
382
1286
1911
2379
2126
1187
859
1876
839
263
1116
2634
552
415
222
358
1378
2348
8
2230
1210
962
316
970
1684
304
427
1098
105
2402
1754
2152
121
685
1828
2590
1756
1554
1127
115
2192
1226
1834
2531
2663
1689
1879
672
1178
591
888
1644
2350
2426
1645
1364
800
2254
1842
2057
2405
2500
273
71
1463
394
583
2124
1623
500
1651
1963
2689
2478
1885
1420
205
733
526
1133
1871
377
1410
2422
1186
386
198
1050
590
519
1742
429
207
491
2630
792
2028
1436
1103
83
2134
1966
20
1135
2015
1588
2525
973
883
1727
2052
886
1453
2680
1882
1207
2392
458
1922
78
2632
1056
906
1281
1950
2667
380
2382
1607
715
2279
686
2315
305
209
1961
2685
1452
885
1336
2293
1362
1357
191
1425
483
915
277
988
1195
2059
571
993
585
2201
2701
2480
674
1455
855
447
1221
2565
2025
2415
1431
2173
294
588
1385
1591
1173
2016
425
534
1054
1525
2261
2159
132
1502
1910
2296
2401
2524
556
2208
2413
2419
570
352
91
2287
1170
1220
1204
1189
697
2263
348
1278
2112
1868
1137
2314
1307
2621
2554
2247
453
913
2442
37
974
2505
983
1609
39
2400
169
737
1269
1612
634
1801
579
1805
1344
892
1513
780
159
1265
2050
2092
61
849
1818
2661
1043
2653
2651
1325
1070
53
2244
505
752
1622
1674
1642
1244
2705
2225
771
2536
1771
2425
1085
1539
1399
1659
1533
2186
1891
1163
963
1359
398
584
948
704
431
292
145
2649
1793
1165
2
576
2071
339
1298
925
265
376
1600
271
696
1905
244
2609
476
1580
1406
1512
1640
2240
1941
250
413
1995
1193
1939
310
893
1131
2625
15
1599
721
2378
981
2285
2185
363
1637
182
985
1632
1194
1444
1368
1121
187
619
2456
1175
1709
2508
614
1765
994
934
371
1576
1864
593
726
826
687
1951
136
628
334
1740
2079
1109
1918
2437
710
1039
2210
1514
2155
2493
2276
1112
465
1223
1601
2678
2113
1104
2291
338
1706
2252
2271
1501
1375
2577
816
1067
274
2543
865
101
1814
107
1736
2696
1744
2441
2518
1610
2014
2107
2520
2469
712
72
2353
2605
481
1956
1702
2673
1171
2212
1732
1952
1688
405
757
2046
1908
1537
97
1333
2154
743
806
2504
1551
2256
2034
1647
148
1562
1690
1557
1691
692
818
1386
2055
1820
2013
701
2399
921
905
454
1747
2075
2202
167
730
1857
1310
26
1583
1790
1652
997
1176
1040
1909
2550
2133
1379
41
1465
1914
2002
1618
1480
609
1132
28
441
1593
1858
493
1258
1301
2130
1382
1304
236
551
520
1954
1232
1138
720
735
2396
58
631
1181
1932
592
1303
1387
2665
939
2522
1249
904
1279
2166
2599
2394
1675
1142
2411
706
1957
1022
745
2122
2310
513
81
2404
1308
914
1404
2496
1108
150
774
329
6
943
1874
734
909
468
181
164
451
490
2566
1143
1311
1993
1111
2581
1441
1546
1749
2012
1741
2292
2111
2035
2073
327
442
1872
1624
832
2659
1783
1414
1201
1499
1544
86
1403
2643
1481
777
1760
54
2127
1287
1979
2005
1245
113
2540
987
501
1849
1009
1198
1394
589
768
17
1042
1447
2222
285
2383
428
1328
2569
669
31
1341
722
951
2395
214
989
1164
326
560
1383
1086
2099
341
147
2106
2175
1107
848
966
1072
2223
155
2501
1888
1002
2108
2272
176
2397
1524
2551
1203
1920
2544
2703
1739
2312
875
2434
938
2436
1552
346
2629
2682
1670
385
1859
1924
243
1860
936
2330
2187
2464
1469
255
1549
5
2318
2246
2339
27
1893
2372
1764
47
42
24
2105
40
22
738
1703
14
1329
242
725
1617
924
0
68
2547
1940
1063
2611
2081
232
85
665
3
1999
1746
1428
92
94
77
7
718
213
1118
1202
1353
193
349
2438
1160
66
754
541
2095
947
1454
235
882
1013
899
1850
112
1960
1483
82
2509
419
1573
2555
62
110
814
2036
1145
1074
55
1596
922
